mean_SMAPE:0.240644803565461
median_SMAPE:0.222135479687761
std_SMAPE:0.105558906716527


mean_MASE:1.28880718642146
median_MASE:1.13806504203227
std_MASE:0.573080960055836


