mean_SMAPE:0.24154122486118
median_SMAPE:0.220028457738579
std_SMAPE:0.107039986555266


mean_MASE:1.29720375521583
median_MASE:1.15711937147482
std_MASE:0.576220898906876


