mean_SMAPE:0.240948178190592
median_SMAPE:0.219312014289322
std_SMAPE:0.106405379720237


mean_MASE:1.29298632598945
median_MASE:1.15052727769305
std_MASE:0.575146174237162


